"","source","target","flow"
"1","Aalborg","Aalborg",1
"2","Aalborg","Frankfurt",2
"3","Aalborg","Paris",1
"4","Agen","Agen",1
"5","Agen","Hannover",1
"6","Agen","London",1
"7","Albi","Erfurt",1
"8","Albi","London",1
"9","Albi","Paris",1
"10","Almeria","Paris",1
"11","Almeria","Wien",1
"12","Amiens","Paris",1
"13","Amsterdam","Amsterdam",59
"14","Amsterdam","Anvers",2
"15","Amsterdam","Bale",25
"16","Amsterdam","Barcelone",6
"17","Amsterdam","Beauvais",1
"18","Amsterdam","Berlin",7
"19","Amsterdam","Bologna",2
"20","Amsterdam","Cologne",4
"21","Amsterdam","Copenhague",1
"22","Amsterdam","Debrecen",1
"23","Amsterdam","Dusseldorf",3
"24","Amsterdam","Firenze",1
"25","Amsterdam","Forli",1
"26","Amsterdam","Fort-de-France",10
"27","Amsterdam","Frankfurt",10
"28","Amsterdam","Geneve",7
"29","Amsterdam","Hamburg",1
"30","Amsterdam","Hannover",1
"31","Amsterdam","Leicester-Nottingham",1
"32","Amsterdam","London",25
"33","Amsterdam","Lugano",2
"34","Amsterdam","Maidstone",1
"35","Amsterdam","Mannheim",19
"36","Amsterdam","Memmingen",1
"37","Amsterdam","Milano",11
"38","Amsterdam","Oslo",1
"39","Amsterdam","Paris",17
"40","Amsterdam","Roma",1
"41","Amsterdam","Rotterdam",12
"42","Amsterdam","Stockholm",2
"43","Amsterdam","Strasbourg",1
"44","Amsterdam","Stuttgart",2
"45","Amsterdam","Venezia",1
"46","Amsterdam","Wien",2
"47","Ancona","Cologne",1
"48","Angers","London",3
"49","Angers","Mannheim",1
"50","Annecy","Paris",1
"51","Anvers","Anvers",165
"52","Anvers","Bale",12
"53","Anvers","Birmingham",1
"54","Anvers","Bruxelles",1
"55","Anvers","Cologne",7
"56","Anvers","Den Haag",4
"57","Anvers","Frankfurt",12
"58","Anvers","Liverpool",2
"59","Anvers","London",8
"60","Anvers","Maidstone",2
"61","Anvers","Mannheim",4
"62","Anvers","Milano",1
"63","Anvers","Munster",2
"64","Anvers","Newcastle",1
"65","Anvers","Paris",10
"66","Anvers","Utrecht",1
"67","Anvers","Zurich",1
"68","Athens","Athens",1
"69","Athens","Dusseldorf",1
"70","Athens","Frankfurt",4
"71","Athens","London",1
"72","Augsburg","Bale",4
"73","Augsburg","Berlin",1
"74","Augsburg","Cologne",11
"75","Augsburg","Frankfurt",6
"76","Augsburg","Milano",2
"77","Augsburg","Rotterdam",1
"78","Baden-Baden","Baden-Baden",2
"79","Baden-Baden","Brest",2
"80","Baden-Baden","Mannheim",1
"81","Baden-Baden","Milano",1
"82","Baden-Baden","Paris",3
"83","Bad Kreuznach","Barcelone",1
"84","Bad Kreuznach","Frankfurt",1
"85","Bad Kreuznach","Hamburg",2
"86","Bad Kreuznach","Paris",2
"87","Bale","Agen",1
"88","Bale","Amsterdam",8
"89","Bale","Anvers",34
"90","Bale","Bale",1505
"91","Bale","Barcelone",3
"92","Bale","Beauvais",1
"93","Bale","Berlin",22
"94","Bale","Bilbao",1
"95","Bale","Bologna",5
"96","Bale","Bournemouth",1
"97","Bale","Bratislava",1
"98","Bale","Braunschweig",8
"99","Bale","Bruxelles",3
"100","Bale","Budapest",8
"101","Bale","Cambridge",23
"102","Bale","Clermont-Ferrand",1
"103","Bale","Cologne",168
"104","Bale","Copenhague",5
"105","Bale","Debrecen",2
"106","Bale","Den Haag",19
"107","Bale","Dortmund",2
"108","Bale","Dusseldorf",19
"109","Bale","Esbjerg",1
"110","Bale","Essen",2
"111","Bale","Frankfurt",162
"112","Bale","Gand",9
"113","Bale","Geneve",12
"114","Bale","Glasgow",1
"115","Bale","Goteborg",7
"116","Bale","Graz",1
"117","Bale","Hamburg",3
"118","Bale","Hannover",1
"119","Bale","Helsinki",2
"120","Bale","Innsbruck",5
"121","Bale","Karlsruhe",1
"122","Bale","Kassel",2
"123","Bale","Leeds",1
"124","Bale","Linz",2
"125","Bale","Liverpool",2
"126","Bale","London",154
"127","Bale","Lyon",5
"128","Bale","Maastricht",2
"129","Bale","Maidstone",20
"130","Bale","Malmo",2
"131","Bale","Manchester",2
"132","Bale","Mannheim",119
"133","Bale","Memmingen",10
"134","Bale","Metz-Nancy",1
"135","Bale","Milano",54
"136","Bale","Montlucon",2
"137","Bale","Montpellier",1
"138","Bale","Munchen",12
"139","Bale","Munster",9
"140","Bale","Nice",2
"141","Bale","Nurnberg",2
"142","Bale","Oxford",1
"143","Bale","Paderborn",4
"144","Bale","Palermo",1
"145","Bale","Paris",93
"146","Bale","Porto",1
"147","Bale","Praha",1
"148","Bale","Roma",8
"149","Bale","Rotterdam",6
"150","Bale","Saarbrucken",1
"151","Bale","Saint-Moritz",2
"152","Bale","Sevilla",1
"153","Bale","Sion",25
"154","Bale","Southampton",1
"155","Bale","Stockholm",8
"156","Bale","Strasbourg",2
"157","Bale","Stuttgart",3
"158","Bale","Turku",1
"159","Bale","Utrecht",6
"160","Bale","Venezia",2
"161","Bale","Vicenza",3
"162","Bale","Warszawa",2
"163","Bale","Wien",62
"164","Bale","Zurich",10
"165","Bale","Zwolle",1
"166","Barcelone","Amsterdam",1
"167","Barcelone","Anvers",8
"168","Barcelone","Bale",34
"169","Barcelone","Barcelone",71
"170","Barcelone","Berlin",4
"171","Barcelone","Bruxelles",2
"172","Barcelone","Budapest",1
"173","Barcelone","Cagliari",1
"174","Barcelone","Cambridge",1
"175","Barcelone","Cologne",17
"176","Barcelone","Dusseldorf",15
"177","Barcelone","Eindhoven",1
"178","Barcelone","Essen",2
"179","Barcelone","Frankfurt",17
"180","Barcelone","Goteborg",6
"181","Barcelone","Hamburg",3
"182","Barcelone","London",19
"183","Barcelone","Lugano",1
"184","Barcelone","Madrid",1
"185","Barcelone","Maidstone",3
"186","Barcelone","Malmo",10
"187","Barcelone","Mannheim",2
"188","Barcelone","Memmingen",6
"189","Barcelone","Milano",30
"190","Barcelone","Munchen",4
"191","Barcelone","Nurnberg",1
"192","Barcelone","Oslo",1
"193","Barcelone","Paderborn",1
"194","Barcelone","Paris",33
"195","Barcelone","Rotterdam",4
"196","Barcelone","Saarbrucken",1
"197","Barcelone","Savona",1
"198","Barcelone","Turku",1
"199","Barcelone","Wien",11
"200","Barcelone","Zaragoza",1
"201","Barcelone","Zurich",1
"202","Beauvais","Beauvais",1
"203","Beauvais","Cologne",1
"204","Beauvais","Paris",1
"205","Belfast","Belfast",1
"206","Belfast","Mannheim",1
"207","Belfast","Memmingen",1
"208","Belfast","Milano",1
"209","Bergerac","London",1
"210","Bergerac","Milano",1
"211","Bergerac","Paris",3
"212","Bergerac","Roma",1
"213","Bergerac","Rotterdam",1
"214","Berlin","Amsterdam",3
"215","Berlin","Anvers",1
"216","Berlin","Bale",30
"217","Berlin","Berlin",274
"218","Berlin","Birmingham",1
"219","Berlin","Budapest",6
"220","Berlin","Cambridge",6
"221","Berlin","Cologne",24
"222","Berlin","Copenhague",3
"223","Berlin","Den Haag",3
"224","Berlin","Dusseldorf",19
"225","Berlin","Frankfurt",65
"226","Berlin","Freiburg",1
"227","Berlin","Geneve",4
"228","Berlin","Hamburg",8
"229","Berlin","Karlsruhe",1
"230","Berlin","Leeds",1
"231","Berlin","Letterkenny",1
"232","Berlin","London",31
"233","Berlin","Lyon",1
"234","Berlin","Maastricht",1
"235","Berlin","Maidstone",8
"236","Berlin","Mannheim",13
"237","Berlin","Milano",16
"238","Berlin","Munster",1
"239","Berlin","Oslo",4
"240","Berlin","Paris",90
"241","Berlin","Roma",1
"242","Berlin","Rotterdam",12
"243","Berlin","Saint-Gall",2
"244","Berlin","Strasbourg",1
"245","Berlin","Toulouse",1
"246","Berlin","Turku",3
"247","Berlin","Utrecht",3
"248","Berlin","Zurich",4
"249","Berne","London",4
"250","Berne","Nurnberg",1
"251","Berne","Rotterdam",1
"252","Berne","Zurich",1
"253","Bilbao","Bale",2
"254","Bilbao","Bilbao",3
"255","Bilbao","Frankfurt",1
"256","Bilbao","London",1
"257","Bilbao","Mannheim",1
"258","Bilbao","Paris",4
"259","Bilbao","Stockholm",1
"260","Birmingham","Birmingham",3
"261","Birmingham","Frankfurt",1
"262","Birmingham","Mannheim",1
"263","Birmingham","Milano",2
"264","Blackpool","Milano",2
"265","Blackpool","Paris",1
"266","Bologna","Bale",2
"267","Bologna","Bologna",3
"268","Bologna","Dusseldorf",2
"269","Bologna","Frankfurt",1
"270","Bologna","Milano",3
"271","Bologna","Nurnberg",1
"272","Bordeaux","Bordeaux",2
"273","Bordeaux","Den Haag",1
"274","Bordeaux","Frankfurt",2
"275","Bordeaux","Paris",2
"276","Braunschweig","Bale",8
"277","Braunschweig","Braunschweig",13
"278","Braunschweig","Cologne",8
"279","Braunschweig","Frankfurt",5
"280","Braunschweig","Helsinki",2
"281","Braunschweig","London",2
"282","Braunschweig","Paris",8
"283","Bremen","Bremen",1
"284","Bremen","Cologne",1
"285","Bremen","Dusseldorf",1
"286","Bremen","Mannheim",1
"287","Bremen","Niort",1
"288","Bremen","Paris",1
"289","Bremen","Utrecht",2
"290","Brighton","Cologne",3
"291","Brighton","London",1
"292","Brindisi","Brindisi",7
"293","Brindisi","Charleroi",1
"294","Brindisi","London",1
"295","Brindisi","Milano",11
"296","Brindisi","Paris",1
"297","Brindisi","Roma",3
"298","Brive-la-Gaillarde","Lyon",2
"299","Brive-la-Gaillarde","Montpellier",1
"300","Brive-la-Gaillarde","Paris",1
"301","Brive-la-Gaillarde","Toulouse",1
"302","Bruxelles","Amsterdam",3
"303","Bruxelles","Anvers",1
"304","Bruxelles","Bale",1
"305","Bruxelles","Bruxelles",108
"306","Bruxelles","Cologne",9
"307","Bruxelles","Debrecen",1
"308","Bruxelles","Den Haag",5
"309","Bruxelles","Dusseldorf",6
"310","Bruxelles","Frankfurt",15
"311","Bruxelles","Geneve",3
"312","Bruxelles","Glasgow",1
"313","Bruxelles","Goteborg",1
"314","Bruxelles","Hannover",1
"315","Bruxelles","Leeds",1
"316","Bruxelles","London",17
"317","Bruxelles","Manchester",1
"318","Bruxelles","Mannheim",4
"319","Bruxelles","Milano",9
"320","Bruxelles","Munchen",1
"321","Bruxelles","Munster",8
"322","Bruxelles","Palermo",2
"323","Bruxelles","Paris",22
"324","Bruxelles","Roma",1
"325","Bruxelles","Saarbrucken",1
"326","Bruxelles","Southampton",1
"327","Bruxelles","Zurich",1
"328","Budapest","Amsterdam",1
"329","Budapest","Anvers",1
"330","Budapest","Bale",3
"331","Budapest","Budapest",10
"332","Budapest","Cologne",11
"333","Budapest","Frankfurt",2
"334","Budapest","Leeds",2
"335","Budapest","Ljubljana",1
"336","Budapest","London",4
"337","Budapest","Lugano",1
"338","Budapest","Maidstone",1
"339","Budapest","Mannheim",1
"340","Budapest","Paris",4
"341","Budapest","Praha",1
"342","Budapest","Southampton",1
"343","Budapest","Wien",1
"344","Bydgoszcz","Cologne",10
"345","Bydgoszcz","Dusseldorf",2
"346","Bydgoszcz","Karlsruhe",2
"347","Cagliari","Hannover",1
"348","Cagliari","Maastricht",2
"349","Cagliari","Paris",2
"350","Calais","Anvers",5
"351","Calais","Calais",17
"352","Calais","Cologne",4
"353","Calais","Frankfurt",3
"354","Calais","Helsinki",2
"355","Calais","Mannheim",1
"356","Calais","Munchen",1
"357","Calais","Paris",2
"358","Calais","Rotterdam",2
"359","Calais","Utrecht",1
"360","Camborne-Redruth","Camborne-Redruth",1
"361","Cambridge","Bale",6
"362","Cambridge","Berlin",3
"363","Cambridge","Bruxelles",1
"364","Cambridge","Cambridge",34
"365","Cambridge","Cologne",12
"366","Cambridge","Frankfurt",5
"367","Cambridge","Goteborg",5
"368","Cambridge","Linz",1
"369","Cambridge","London",35
"370","Cambridge","Lyon",1
"371","Cambridge","Maidstone",7
"372","Cambridge","Mannheim",15
"373","Cambridge","Milano",1
"374","Cambridge","Paris",3
"375","Cambridge","Zurich",1
"376","Carcassonne","Copenhague",1
"377","Carcassonne","Frankfurt",1
"378","Carcassonne","Geneve",1
"379","Catania","Paris",1
"380","Chambery","Paris",2
"381","Charleroi","Anvers",1
"382","Charleroi","Augsburg",1
"383","Charleroi","Bale",3
"384","Charleroi","Charleroi",65
"385","Charleroi","Cologne",1
"386","Charleroi","Den Haag",1
"387","Charleroi","Essen",1
"388","Charleroi","Frankfurt",1
"389","Charleroi","Karlsruhe",3
"390","Charleroi","London",2
"391","Charleroi","Madrid",1
"392","Charleroi","Milano",3
"393","Charleroi","Munchen",2
"394","Charleroi","Paris",7
"395","Charleroi","Strasbourg",1
"396","Charleroi","Wien",1
"397","Clermont-Ferrand","London",1
"398","Clermont-Ferrand","Paris",6
"399","Cologne","Agen",2
"400","Cologne","Amsterdam",4
"401","Cologne","Anvers",10
"402","Cologne","Augsburg",3
"403","Cologne","Bale",295
"404","Cologne","Barcelone",3
"405","Cologne","Berlin",31
"406","Cologne","Birmingham",1
"407","Cologne","Blackpool",2
"408","Cologne","Braunschweig",3
"409","Cologne","Brighton",2
"410","Cologne","Bruxelles",4
"411","Cologne","Budapest",1
"412","Cologne","Cagliari",1
"413","Cologne","Cambridge",26
"414","Cologne","Cologne",2495
"415","Cologne","Den Haag",24
"416","Cologne","Dortmund",2
"417","Cologne","Dresden",2
"418","Cologne","Dublin",2
"419","Cologne","Dusseldorf",32
"420","Cologne","Essen",3
"421","Cologne","Frankfurt",152
"422","Cologne","Friedrichshafen",2
"423","Cologne","Geneve",5
"424","Cologne","Genova",1
"425","Cologne","Goteborg",4
"426","Cologne","Graz",2
"427","Cologne","Hamburg",3
"428","Cologne","Hannover",4
"429","Cologne","Helsinki",4
"430","Cologne","Hull",1
"431","Cologne","Karlsruhe",3
"432","Cologne","Kassel",1
"433","Cologne","Leeds",1
"434","Cologne","London",230
"435","Cologne","Lubeck",2
"436","Cologne","Lugano",1
"437","Cologne","Lyon",19
"438","Cologne","Maastricht",7
"439","Cologne","Maidstone",23
"440","Cologne","Manchester",3
"441","Cologne","Mannheim",254
"442","Cologne","Memmingen",4
"443","Cologne","Middlesbrough",1
"444","Cologne","Milano",32
"445","Cologne","Munchen",26
"446","Cologne","Munster",25
"447","Cologne","Napoli",1
"448","Cologne","Nimes",1
"449","Cologne","Orebro",3
"450","Cologne","Oslo",1
"451","Cologne","Oxford",4
"452","Cologne","Palermo",6
"453","Cologne","Paris",115
"454","Cologne","Roma",14
"455","Cologne","Rotterdam",4
"456","Cologne","Saarbrucken",1
"457","Cologne","Sion",1
"458","Cologne","Stockholm",5
"459","Cologne","Turku",1
"460","Cologne","Utrecht",16
"461","Cologne","Venezia",1
"462","Cologne","Vicenza",1
"463","Cologne","Wien",13
"464","Cologne","Zurich",11
"465","Copenhague","Anvers",2
"466","Copenhague","Bale",7
"467","Copenhague","Berlin",1
"468","Copenhague","Budapest",1
"469","Copenhague","Cologne",5
"470","Copenhague","Copenhague",70
"471","Copenhague","Den Haag",1
"472","Copenhague","Dortmund",1
"473","Copenhague","Dresden",2
"474","Copenhague","Enschede",1
"475","Copenhague","Frankfurt",6
"476","Copenhague","Hamburg",1
"477","Copenhague","London",10
"478","Copenhague","Mannheim",2
"479","Copenhague","Paris",5
"480","Copenhague","Tournai-Mouscron",1
"481","Copenhague","Utrecht",1
"482","Copenhague","Zurich",4
"483","Cork","Budapest",1
"484","Cork","Geneve",2
"485","Cork","Lugano",1
"486","Cork","Paris",2
"487","Cuxhaven","Cologne",13
"488","Cuxhaven","Cuxhaven",3
"489","Cuxhaven","Dusseldorf",1
"490","Cuxhaven","Flensburg",2
"491","Cuxhaven","Lugano",3
"492","Cuxhaven","Mannheim",10
"493","Cuxhaven","Munchen",4
"494","Cuxhaven","Stuttgart",2
"495","Cuxhaven","Zurich",2
"496","Dax","Paris",1
"497","Debrecen","Bale",3
"498","Debrecen","Birmingham",1
"499","Debrecen","Cologne",1
"500","Debrecen","Debrecen",1
"501","Debrecen","Helsinki",2
"502","Debrecen","London",5
"503","Debrecen","Valladolid",1
"504","Den Haag","Amsterdam",5
"505","Den Haag","Bale",24
"506","Den Haag","Berlin",1
"507","Den Haag","Bruxelles",1
"508","Den Haag","Cambridge",2
"509","Den Haag","Charleroi",1
"510","Den Haag","Cologne",14
"511","Den Haag","Copenhague",1
"512","Den Haag","Den Haag",336
"513","Den Haag","Dortmund",1
"514","Den Haag","Dusseldorf",1
"515","Den Haag","Enschede",1
"516","Den Haag","Frankfurt",18
"517","Den Haag","Goteborg",1
"518","Den Haag","Hannover",1
"519","Den Haag","Innsbruck",1
"520","Den Haag","Ljubljana",1
"521","Den Haag","London",50
"522","Den Haag","Lyon",1
"523","Den Haag","Maastricht",4
"524","Den Haag","Mannheim",24
"525","Den Haag","Memmingen",1
"526","Den Haag","Middlesbrough",2
"527","Den Haag","Milano",6
"528","Den Haag","Munchen",4
"529","Den Haag","Paris",25
"530","Den Haag","Rotterdam",1
"531","Den Haag","Southampton",1
"532","Den Haag","Stockholm",1
"533","Den Haag","Torino",1
"534","Den Haag","Turku",1
"535","Den Haag","Utrecht",2
"536","Den Haag","Vicenza",1
"537","Den Haag","Wien",1
"538","Dijon","London",1
"539","Dortmund","Bale",1
"540","Dortmund","Bruxelles",1
"541","Dortmund","Cologne",2
"542","Dortmund","Den Haag",1
"543","Dortmund","Dortmund",11
"544","Dortmund","Dusseldorf",8
"545","Dortmund","Essen",4
"546","Dortmund","Frankfurt",14
"547","Dortmund","Leicester-Nottingham",1
"548","Dortmund","London",1
"549","Dortmund","Lugano",2
"550","Dortmund","Maastricht",1
"551","Dortmund","Madrid",1
"552","Dortmund","Malmo",1
"553","Dortmund","Mannheim",2
"554","Dortmund","Memmingen",1
"555","Dortmund","Milano",7
"556","Dortmund","Munchen",4
"557","Dortmund","Palermo",3
"558","Dortmund","Paris",3
"559","Dresden","Bale",6
"560","Dresden","Berlin",2
"561","Dresden","Cologne",5
"562","Dresden","Debrecen",2
"563","Dresden","Dresden",21
"564","Dresden","Dusseldorf",1
"565","Dresden","Frankfurt",7
"566","Dresden","Kassel",1
"567","Dresden","London",6
"568","Dresden","Maastricht",1
"569","Dresden","Madrid",4
"570","Dresden","Mannheim",4
"571","Dresden","Memmingen",8
"572","Dresden","Milano",2
"573","Dublin","Bale",2
"574","Dublin","Cologne",1
"575","Dublin","Dublin",13
"576","Dublin","Dusseldorf",2
"577","Dublin","London",4
"578","Dublin","Maidstone",8
"579","Dublin","Rotterdam",1
"580","Dundee","Frankfurt",1
"581","Dundee","London",3
"582","Dundee","Mannheim",1
"583","Dundee","Milano",1
"584","Dundee","Rotterdam",3
"585","Dusseldorf","Alicante",2
"586","Dusseldorf","Amsterdam",5
"587","Dusseldorf","Anvers",4
"588","Dusseldorf","Augsburg",1
"589","Dusseldorf","Bale",220
"590","Dusseldorf","Barcelone",32
"591","Dusseldorf","Berlin",69
"592","Dusseldorf","Berne",2
"593","Dusseldorf","Braunschweig",1
"594","Dusseldorf","Brindisi",1
"595","Dusseldorf","Bristol",1
"596","Dusseldorf","Bruxelles",76
"597","Dusseldorf","Cambridge",3
"598","Dusseldorf","Cardiff",1
"599","Dusseldorf","Charleroi",4
"600","Dusseldorf","Cologne",335
"601","Dusseldorf","Den Haag",6
"602","Dusseldorf","Dortmund",3
"603","Dusseldorf","Dusseldorf",362
"604","Dusseldorf","Essen",10
"605","Dusseldorf","Firenze",1
"606","Dusseldorf","Frankfurt",295
"607","Dusseldorf","Gand",44
"608","Dusseldorf","Geneve",7
"609","Dusseldorf","Glasgow",1
"610","Dusseldorf","Goteborg",1
"611","Dusseldorf","Grenoble",1
"612","Dusseldorf","Hamburg",38
"613","Dusseldorf","Hannover",10
"614","Dusseldorf","Karlsruhe",2
"615","Dusseldorf","Leeds",2
"616","Dusseldorf","Linz",2
"617","Dusseldorf","Liverpool",2
"618","Dusseldorf","London",65
"619","Dusseldorf","Lubeck",2
"620","Dusseldorf","Lugano",1
"621","Dusseldorf","Lyon",31
"622","Dusseldorf","Maastricht",6
"623","Dusseldorf","Madrid",2
"624","Dusseldorf","Maidstone",2
"625","Dusseldorf","Manchester",1
"626","Dusseldorf","Mannheim",91
"627","Dusseldorf","Memmingen",3
"628","Dusseldorf","Milano",33
"629","Dusseldorf","Munchen",9
"630","Dusseldorf","Munster",22
"631","Dusseldorf","Newcastle",2
"632","Dusseldorf","Nurnberg",1
"633","Dusseldorf","Orleans",1
"634","Dusseldorf","Palermo",8
"635","Dusseldorf","Paris",166
"636","Dusseldorf","Roma",1
"637","Dusseldorf","Rotterdam",36
"638","Dusseldorf","Rouen",1
"639","Dusseldorf","Salzburg",1
"640","Dusseldorf","Sion",10
"641","Dusseldorf","Stockholm",2
"642","Dusseldorf","Strasbourg",1
"643","Dusseldorf","Stuttgart",2
"644","Dusseldorf","Swindon",1
"645","Dusseldorf","Torino",1
"646","Dusseldorf","Toulouse",5
"647","Dusseldorf","Trieste",1
"648","Dusseldorf","Utrecht",16
"649","Dusseldorf","Venezia",1
"650","Dusseldorf","Vicenza",1
"651","Dusseldorf","Wien",1
"652","Dusseldorf","Zurich",4
"653","Edinburgh","Barcelone",1
"654","Edinburgh","Essen",2
"655","Edinburgh","Madrid",1
"656","Eindhoven","Bale",1
"657","Eindhoven","Barcelone",1
"658","Eindhoven","Berlin",1
"659","Eindhoven","Den Haag",1
"660","Eindhoven","Eindhoven",5
"661","Eindhoven","Hamburg",5
"662","Eindhoven","Maastricht",1
"663","Eindhoven","Mannheim",2
"664","Eindhoven","Memmingen",2
"665","Eindhoven","Milano",2
"666","Eindhoven","Paris",2
"667","Eindhoven","Utrecht",1
"668","Eindhoven","Zwolle",1
"669","Enschede","Den Haag",2
"670","Enschede","London",2
"671","Enschede","Malmo",2
"672","Enschede","Mannheim",1
"673","Enschede","Munster",1
"674","Erfurt","Erfurt",8
"675","Erfurt","Frankfurt",1
"676","Erfurt","Maastricht",1
"677","Erfurt","Paris",2
"678","Eskilstuna","Bale",1
"679","Essen","Amsterdam",1
"680","Essen","Anvers",5
"681","Essen","Bale",9
"682","Essen","Barcelone",3
"683","Essen","Berlin",2
"684","Essen","Braunschweig",1
"685","Essen","Bruxelles",3
"686","Essen","Cardiff",1
"687","Essen","Cologne",7
"688","Essen","Cuxhaven",1
"689","Essen","Den Haag",2
"690","Essen","Dusseldorf",48
"691","Essen","Eindhoven",1
"692","Essen","Essen",105
"693","Essen","Frankfurt",37
"694","Essen","Hamburg",22
"695","Essen","Hannover",7
"696","Essen","Hull",2
"697","Essen","Kassel",2
"698","Essen","Leeds",1
"699","Essen","London",16
"700","Essen","Lorient",1
"701","Essen","Lugano",3
"702","Essen","Mannheim",19
"703","Essen","Metz-Nancy",1
"704","Essen","Milano",3
"705","Essen","Munchen",5
"706","Essen","Munster",16
"707","Essen","Napoli",2
"708","Essen","Palermo",1
"709","Essen","Paris",12
"710","Essen","Rotterdam",10
"711","Essen","Stockholm",1
"712","Essen","Toulouse",1
"713","Essen","Utrecht",2
"714","Essen","Zurich",3
"715","Exeter","Den Haag",1
"716","Faro","Paris",2
"717","Firenze","Bale",2
"718","Firenze","Copenhague",1
"719","Firenze","Firenze",1
"720","Firenze","Frankfurt",1
"721","Firenze","Hannover",1
"722","Firenze","London",2
"723","Firenze","Malmo",1
"724","Firenze","Milano",3
"725","Firenze","Paris",2
"726","Firenze","Wien",1
"727","Flensburg","Wien",1
"728","Frankfurt","Agen",1
"729","Frankfurt","Amsterdam",2
"730","Frankfurt","Angers",1
"731","Frankfurt","Annecy",1
"732","Frankfurt","Anvers",18
"733","Frankfurt","Bale",196
"734","Frankfurt","Barcelone",4
"735","Frankfurt","Berlin",74
"736","Frankfurt","Berne",1
"737","Frankfurt","Bologna",1
"738","Frankfurt","Braunschweig",2
"739","Frankfurt","Bruxelles",4
"740","Frankfurt","Budapest",1
"741","Frankfurt","Calais",2
"742","Frankfurt","Cambridge",6
"743","Frankfurt","Charleroi",8
"744","Frankfurt","Clermont-Ferrand",1
"745","Frankfurt","Cologne",161
"746","Frankfurt","Copenhague",2
"747","Frankfurt","Den Haag",27
"748","Frankfurt","Dortmund",2
"749","Frankfurt","Dresden",1
"750","Frankfurt","Dublin",1
"751","Frankfurt","Dusseldorf",81
"752","Frankfurt","Essen",22
"753","Frankfurt","Frankfurt",1600
"754","Frankfurt","Gand",1
"755","Frankfurt","Geneve",9
"756","Frankfurt","Glasgow",1
"757","Frankfurt","Goteborg",1
"758","Frankfurt","Hamburg",52
"759","Frankfurt","Hannover",11
"760","Frankfurt","Innsbruck",1
"761","Frankfurt","Kassel",2
"762","Frankfurt","Leeds",4
"763","Frankfurt","Leipzig",1
"764","Frankfurt","Linz",1
"765","Frankfurt","Liverpool",2
"766","Frankfurt","London",190
"767","Frankfurt","Lugano",1
"768","Frankfurt","Lyon",3
"769","Frankfurt","Maastricht",7
"770","Frankfurt","Maidstone",12
"771","Frankfurt","Malmo",7
"772","Frankfurt","Manchester",6
"773","Frankfurt","Mannheim",122
"774","Frankfurt","Memmingen",17
"775","Frankfurt","Milano",49
"776","Frankfurt","Munchen",28
"777","Frankfurt","Munster",14
"778","Frankfurt","Napoli",2
"779","Frankfurt","Newcastle",3
"780","Frankfurt","Nice",2
"781","Frankfurt","Nurnberg",8
"782","Frankfurt","Paderborn",2
"783","Frankfurt","Palermo",4
"784","Frankfurt","Paris",279
"785","Frankfurt","Porto",3
"786","Frankfurt","Roma",2
"787","Frankfurt","Rotterdam",55
"788","Frankfurt","Rouen",1
"789","Frankfurt","San Sebastian",1
"790","Frankfurt","Sion",3
"791","Frankfurt","Southampton",5
"792","Frankfurt","Stockholm",2
"793","Frankfurt","Strasbourg",1
"794","Frankfurt","Stuttgart",5
"795","Frankfurt","Swindon",1
"796","Frankfurt","Torino",1
"797","Frankfurt","Turku",2
"798","Frankfurt","Utrecht",12
"799","Frankfurt","Valencia",1
"800","Frankfurt","Verona",1
"801","Frankfurt","Wien",9
"802","Frankfurt","Zurich",8
"803","Frankfurt","Zwolle",1
"804","Freiburg","Amsterdam",1
"805","Freiburg","Berlin",1
"806","Freiburg","Frankfurt",2
"807","Freiburg","Freiburg",2
"808","Freiburg","Geneve",1
"809","Freiburg","Maastricht",1
"810","Freiburg","Mannheim",1
"811","Freiburg","Memmingen",14
"812","Freiburg","Paris",4
"813","Friedrichshafen","Frankfurt",1
"814","Gand","Angers",1
"815","Gand","Annecy",1
"816","Gand","Dusseldorf",1
"817","Gand","London",1
"818","Gand","Mannheim",1
"819","Gand","Paris",7
"820","Gand","Utrecht",1
"821","Gdansk","Bale",2
"822","Geneve","Amsterdam",8
"823","Geneve","Bale",4
"824","Geneve","Barcelone",2
"825","Geneve","Berlin",1
"826","Geneve","Cologne",6
"827","Geneve","Den Haag",3
"828","Geneve","Dusseldorf",5
"829","Geneve","Essen",1
"830","Geneve","Frankfurt",2
"831","Geneve","Gand",2
"832","Geneve","Geneve",134
"833","Geneve","Hamburg",1
"834","Geneve","Hannover",7
"835","Geneve","Leeds",1
"836","Geneve","London",14
"837","Geneve","Lyon",2
"838","Geneve","Manchester",2
"839","Geneve","Mannheim",11
"840","Geneve","Milano",3
"841","Geneve","Munchen",3
"842","Geneve","Munster",2
"843","Geneve","Nice",3
"844","Geneve","Nurnberg",1
"845","Geneve","Paris",26
"846","Geneve","Roma",2
"847","Geneve","Rotterdam",5
"848","Geneve","Rouen",2
"849","Geneve","Saint-Moritz",1
"850","Geneve","Utrecht",1
"851","Geneve","Zwolle",1
"852","Genova","Barcelone",3
"853","Genova","Cologne",1
"854","Genova","Hamburg",2
"855","Genova","Paris",1
"856","Genova","Torino",1
"857","Genova","Zurich",2
"858","Glasgow","Bale",1
"859","Glasgow","Frankfurt",1
"860","Goteborg","Bad Kreuznach",1
"861","Goteborg","Bale",3
"862","Goteborg","Cambridge",1
"863","Goteborg","Cologne",6
"864","Goteborg","Dusseldorf",1
"865","Goteborg","Frankfurt",1
"866","Goteborg","Goteborg",9
"867","Goteborg","Leicester-Nottingham",2
"868","Goteborg","London",4
"869","Goteborg","Maidstone",1
"870","Goteborg","Mannheim",1
"871","Goteborg","Munchen",1
"872","Goteborg","Salzburg",2
"873","Goteborg","Zurich",1
"874","Granada","Granada",1
"875","Graz","Baden-Baden",1
"876","Graz","Cologne",6
"877","Graz","Frankfurt",3
"878","Graz","Hannover",1
"879","Graz","London",1
"880","Graz","Stockholm",1
"881","Graz","Utrecht",1
"882","Grenoble","Berlin",1
"883","Grenoble","Cologne",5
"884","Grenoble","Frankfurt",5
"885","Grenoble","Grenoble",2
"886","Grenoble","Munchen",1
"887","Groningen","Calais",1
"888","Groningen","Den Haag",1
"889","Groningen","Dortmund",1
"890","Groningen","Frankfurt",1
"891","Groningen","Groningen",5
"892","Groningen","Hamburg",6
"893","Groningen","Mannheim",1
"894","Groningen","Utrecht",1
"895","Hamburg","Alicante",1
"896","Hamburg","Amsterdam",4
"897","Hamburg","Anvers",1
"898","Hamburg","Baden-Baden",2
"899","Hamburg","Bale",39
"900","Hamburg","Barcelone",13
"901","Hamburg","Berlin",12
"902","Hamburg","Berne",1
"903","Hamburg","Birmingham",2
"904","Hamburg","Budapest",1
"905","Hamburg","Caen",1
"906","Hamburg","Cologne",9
"907","Hamburg","Den Haag",2
"908","Hamburg","Dresden",2
"909","Hamburg","Dusseldorf",44
"910","Hamburg","Eindhoven",3
"911","Hamburg","Essen",9
"912","Hamburg","Firenze",1
"913","Hamburg","Frankfurt",44
"914","Hamburg","Geneve",3
"915","Hamburg","Groningen",3
"916","Hamburg","Hamburg",369
"917","Hamburg","Hannover",14
"918","Hamburg","Ingolstadt",1
"919","Hamburg","Kassel",2
"920","Hamburg","Leicester-Nottingham",2
"921","Hamburg","Lisboa",2
"922","Hamburg","London",68
"923","Hamburg","Lubeck",2
"924","Hamburg","Lyon",1
"925","Hamburg","Maastricht",3
"926","Hamburg","Malmo",2
"927","Hamburg","Mannheim",39
"928","Hamburg","Memmingen",1
"929","Hamburg","Milano",38
"930","Hamburg","Munchen",3
"931","Hamburg","Munster",3
"932","Hamburg","Nice",1
"933","Hamburg","Nurnberg",2
"934","Hamburg","Odense",1
"935","Hamburg","Orleans",1
"936","Hamburg","Oslo",2
"937","Hamburg","Paris",206
"938","Hamburg","Poitiers",2
"939","Hamburg","Reims",2
"940","Hamburg","Roma",6
"941","Hamburg","Rotterdam",57
"942","Hamburg","Stockholm",1
"943","Hamburg","Utrecht",6
"944","Hamburg","Venezia",3
"945","Hamburg","Wien",1
"946","Hamburg","Zurich",2
"947","Hannover","Amsterdam",7
"948","Hannover","Anvers",1
"949","Hannover","Bale",5
"950","Hannover","Barcelone",1
"951","Hannover","Bruxelles",7
"952","Hannover","Calais",1
"953","Hannover","Clermont-Ferrand",2
"954","Hannover","Cologne",13
"955","Hannover","Dusseldorf",11
"956","Hannover","Essen",3
"957","Hannover","Frankfurt",18
"958","Hannover","Geneve",26
"959","Hannover","Grenoble",1
"960","Hannover","Hamburg",8
"961","Hannover","Hannover",105
"962","Hannover","Leipzig",1
"963","Hannover","Linz",3
"964","Hannover","London",9
"965","Hannover","Lubeck",1
"966","Hannover","Mannheim",12
"967","Hannover","Milano",13
"968","Hannover","Munchen",8
"969","Hannover","Munster",1
"970","Hannover","Newcastle",1
"971","Hannover","Nice",6
"972","Hannover","Paris",27
"973","Hannover","Rotterdam",3
"974","Hannover","Stockholm",1
"975","Hannover","Zwolle",3
"976","Helsinki","Bale",2
"977","Helsinki","Bologna",2
"978","Helsinki","Bruxelles",6
"979","Helsinki","Cologne",2
"980","Helsinki","Den Haag",2
"981","Helsinki","Dusseldorf",2
"982","Helsinki","Frankfurt",6
"983","Helsinki","Geneve",2
"984","Helsinki","Goteborg",2
"985","Helsinki","Hamburg",4
"986","Helsinki","Helsinki",76
"987","Helsinki","London",8
"988","Helsinki","Mannheim",14
"989","Helsinki","Memmingen",6
"990","Helsinki","Paris",8
"991","Helsinki","Rotterdam",4
"992","Helsinki","Turku",8
"993","Helsinki","Utrecht",4
"994","Helsinki","Wien",2
"995","Hull","Cologne",2
"996","Hull","Dusseldorf",1
"997","Hull","Frankfurt",1
"998","Hull","Hamburg",1
"999","Ingolstadt","Frankfurt",1
"1000","Ingolstadt","London",1
"1001","Ingolstadt","Maidstone",1
"1002","Ingolstadt","Mannheim",1
"1003","Ingolstadt","Paris",1
"1004","Innsbruck","Bale",5
"1005","Innsbruck","Barcelone",2
"1006","Innsbruck","Cologne",4
"1007","Innsbruck","Frankfurt",3
"1008","Innsbruck","Innsbruck",8
"1009","Innsbruck","London",3
"1010","Innsbruck","Madrid",1
"1011","Innsbruck","Milano",2
"1012","Innsbruck","Paris",2
"1013","Innsbruck","Wien",1
"1014","Karlsruhe","Frankfurt",2
"1015","Karlsruhe","Karlsruhe",1
"1016","Karlsruhe","Palermo",1
"1017","Kassel","Frankfurt",2
"1018","Kassel","Kassel",4
"1019","Kassel","London",6
"1020","Kassel","Mannheim",2
"1021","Katowice","Frankfurt",2
"1022","Katowice","Katowice",6
"1023","Katowice","Wroclaw",2
"1024","Kiel","Cologne",1
"1025","Kiel","Frankfurt",1
"1026","Kiel","Toulouse",2
"1027","Kiel","Zurich",1
"1028","Kristiansand","Freiburg",1
"1029","Kristiansand","Vasteras",1
"1030","La Coruna","La Coruna",1
"1031","Leeds","Bale",1
"1032","Leeds","Berlin",1
"1033","Leeds","Den Haag",3
"1034","Leeds","Essen",1
"1035","Leeds","Leeds",9
"1036","Leeds","London",2
"1037","Leeds","Mannheim",3
"1038","Leeds","Munchen",1
"1039","Leeds","Paris",9
"1040","Leeds","Udine",1
"1041","Leicester-Nottingham","Cologne",1
"1042","Leicester-Nottingham","Geneve",1
"1043","Leicester-Nottingham","Leicester-Nottingham",4
"1044","Leicester-Nottingham","London",3
"1045","Leicester-Nottingham","Paris",1
"1046","Leicester-Nottingham","Rotterdam",3
"1047","Leipzig","Calais",2
"1048","Leipzig","Cologne",2
"1049","Leipzig","Dusseldorf",4
"1050","Leipzig","Frankfurt",3
"1051","Leipzig","Hamburg",1
"1052","Leipzig","London",4
"1053","Leipzig","Milano",1
"1054","Leipzig","Oxford",1
"1055","Leipzig","Paris",1
"1056","Le Mans","Cologne",1
"1057","Le Mans","Paris",1
"1058","Liege","Bruxelles",1
"1059","Liege","Den Haag",1
"1060","Liege","Geneve",1
"1061","Liege","London",1
"1062","Liege","Rotterdam",1
"1063","Lille","Bale",2
"1064","Lille","London",2
"1065","Linkoping","Bale",1
"1066","Linz","Amsterdam",1
"1067","Linz","Anvers",1
"1068","Linz","Bale",7
"1069","Linz","Berlin",1
"1070","Linz","Cologne",8
"1071","Linz","Debrecen",3
"1072","Linz","Frankfurt",5
"1073","Linz","Goteborg",4
"1074","Linz","Helsinki",6
"1075","Linz","Kassel",1
"1076","Linz","Linz",31
"1077","Linz","London",4
"1078","Linz","Lugano",1
"1079","Linz","Maastricht",1
"1080","Linz","Mannheim",10
"1081","Linz","Munchen",16
"1082","Linz","Paris",2
"1083","Linz","Salzburg",1
"1084","Linz","Utrecht",1
"1085","Linz","Wien",3
"1086","Linz","Zurich",1
"1087","Lisboa","Bale",2
"1088","Lisboa","Milano",1
"1089","Lisboa","Paris",6
"1090","Liverpool","Amsterdam",1
"1091","Liverpool","Frankfurt",2
"1092","Liverpool","Liverpool",7
"1093","Liverpool","London",14
"1094","Liverpool","Mannheim",1
"1095","Liverpool","Milano",3
"1096","Liverpool","Munster",1
"1097","Liverpool","Paris",3
"1098","Liverpool","Rotterdam",6
"1099","Liverpool","Sion",4
"1100","Ljubljana","Bale",2
"1101","Ljubljana","Bruxelles",1
"1102","Ljubljana","Cologne",1
"1103","Ljubljana","Frankfurt",1
"1104","Ljubljana","Innsbruck",1
"1105","Ljubljana","Ljubljana",1
"1106","Ljubljana","London",4
"1107","Ljubljana","Memmingen",3
"1108","Ljubljana","Milano",2
"1109","Ljubljana","Munster",1
"1110","Ljubljana","Paris",2
"1111","Lodz","Frankfurt",1
"1112","London","Aalborg",1
"1113","London","Amsterdam",24
"1114","London","Anvers",4
"1115","London","Bale",114
"1116","London","Barcelone",7
"1117","London","Beauvais",1
"1118","London","Berlin",31
"1119","London","Birmingham",3
"1120","London","Blackpool",1
"1121","London","Bremen",4
"1122","London","Bruxelles",3
"1123","London","Budapest",1
"1124","London","Camborne-Redruth",1
"1125","London","Cambridge",20
"1126","London","Cologne",147
"1127","London","Copenhague",11
"1128","London","Den Haag",45
"1129","London","Dortmund",3
"1130","London","Dublin",1
"1131","London","Dusseldorf",24
"1132","London","Edinburgh",2
"1133","London","Eindhoven",2
"1134","London","Essen",2
"1135","London","Firenze",1
"1136","London","Frankfurt",103
"1137","London","Freiburg",2
"1138","London","Gand",2
"1139","London","Geneve",1
"1140","London","Genova",1
"1141","London","Glasgow",1
"1142","London","Goteborg",7
"1143","London","Grenoble",1
"1144","London","Hamburg",11
"1145","London","Hannover",3
"1146","London","Helsinki",2
"1147","London","Innsbruck",1
"1148","London","Kassel",1
"1149","London","Leeds",1
"1150","London","Leicester-Nottingham",2
"1151","London","Lille",1
"1152","London","Linz",1
"1153","London","Liverpool",2
"1154","London","Ljubljana",5
"1155","London","London",1901
"1156","London","Luxembourg",2
"1157","London","Lyon",19
"1158","London","Maastricht",4
"1159","London","Maidstone",24
"1160","London","Malmo",6
"1161","London","Manchester",2
"1162","London","Mannheim",104
"1163","London","Memmingen",8
"1164","London","Metz-Nancy",2
"1165","London","Milano",36
"1166","London","Munchen",6
"1167","London","Munster",7
"1168","London","Newcastle",3
"1169","London","Nice",7
"1170","London","Oslo",1
"1171","London","Palermo",1
"1172","London","Paris",206
"1173","London","Praha",1
"1174","London","Roma",3
"1175","London","Rotterdam",312
"1176","London","Saarbrucken",1
"1177","London","Saint-Gall",1
"1178","London","Sion",1
"1179","London","Sofia",1
"1180","London","Stockholm",10
"1181","London","Strasbourg",3
"1182","London","Stuttgart",5
"1183","London","Swindon",1
"1184","London","Utrecht",3
"1185","London","Venezia",1
"1186","London","Wien",9
"1187","London","Zurich",5
"1188","Lorient","Dusseldorf",1
"1189","Lorient","London",1
"1190","Lorient","Paris",5
"1191","Lorient","Rotterdam",1
"1192","Lubeck","Barcelone",1
"1193","Lubeck","Dresden",1
"1194","Lubeck","Dusseldorf",2
"1195","Lubeck","Frankfurt",1
"1196","Lubeck","Hamburg",7
"1197","Lubeck","London",1
"1198","Lubeck","Lubeck",13
"1199","Lubeck","Paris",11
"1200","Lubeck","Rotterdam",1
"1201","Lugano","Amsterdam",1
"1202","Lugano","Bale",1
"1203","Lugano","Cologne",2
"1204","Lugano","Dax",1
"1205","Lugano","Den Haag",1
"1206","Lugano","Dortmund",5
"1207","Lugano","Dresden",1
"1208","Lugano","Frankfurt",3
"1209","Lugano","Geneve",1
"1210","Lugano","Glasgow",1
"1211","Lugano","London",4
"1212","Lugano","Lugano",66
"1213","Lugano","Maastricht",8
"1214","Lugano","Mannheim",1
"1215","Lugano","Milano",6
"1216","Lugano","Utrecht",7
"1217","Lugano","Zurich",9
"1218","Lyon","Amsterdam",1
"1219","Lyon","Anvers",1
"1220","Lyon","Bale",11
"1221","Lyon","Barcelone",1
"1222","Lyon","Berlin",1
"1223","Lyon","Cambridge",3
"1224","Lyon","Cologne",24
"1225","Lyon","Den Haag",7
"1226","Lyon","Dresden",3
"1227","Lyon","Dusseldorf",2
"1228","Lyon","Frankfurt",15
"1229","Lyon","Grenoble",1
"1230","Lyon","Hamburg",1
"1231","Lyon","Linz",1
"1232","Lyon","London",32
"1233","Lyon","Lyon",68
"1234","Lyon","Maastricht",1
"1235","Lyon","Maidstone",7
"1236","Lyon","Mannheim",14
"1237","Lyon","Milano",1
"1238","Lyon","Munchen",2
"1239","Lyon","Paris",29
"1240","Lyon","Rotterdam",5
"1241","Lyon","Stockholm",2
"1242","Lyon","Utrecht",1
"1243","Lyon","Verona",1
"1244","Maastricht","Amsterdam",3
"1245","Maastricht","Athens",1
"1246","Maastricht","Bale",34
"1247","Maastricht","Bruxelles",1
"1248","Maastricht","Cologne",2
"1249","Maastricht","Copenhague",2
"1250","Maastricht","Den Haag",11
"1251","Maastricht","Dortmund",1
"1252","Maastricht","Dusseldorf",2
"1253","Maastricht","Enschede",1
"1254","Maastricht","Frankfurt",13
"1255","Maastricht","Geneve",12
"1256","Maastricht","Hamburg",10
"1257","Maastricht","Hannover",2
"1258","Maastricht","London",15
"1259","Maastricht","Lugano",2
"1260","Maastricht","Maastricht",81
"1261","Maastricht","Mannheim",33
"1262","Maastricht","Milano",5
"1263","Maastricht","Munchen",1
"1264","Maastricht","Munster",2
"1265","Maastricht","Palermo",1
"1266","Maastricht","Paris",33
"1267","Maastricht","Rotterdam",3
"1268","Maastricht","Strasbourg",1
"1269","Maastricht","Toulouse",1
"1270","Maastricht","Utrecht",4
"1271","Madrid","Anvers",1
"1272","Madrid","Bale",1
"1273","Madrid","Berlin",3
"1274","Madrid","Brindisi",4
"1275","Madrid","Cologne",4
"1276","Madrid","Den Haag",3
"1277","Madrid","Frankfurt",3
"1278","Madrid","Leicester-Nottingham",1
"1279","Madrid","London",6
"1280","Madrid","Madrid",10
"1281","Madrid","Mannheim",4
"1282","Madrid","Milano",5
"1283","Madrid","Munchen",2
"1284","Madrid","Palermo",2
"1285","Madrid","Paris",2
"1286","Madrid","Roma",3
"1287","Madrid","Utrecht",1
"1288","Madrid","Vicenza",3
"1289","Maidstone","Anvers",2
"1290","Maidstone","Bale",10
"1291","Maidstone","Barcelone",2
"1292","Maidstone","Berlin",1
"1293","Maidstone","Budapest",1
"1294","Maidstone","Cambridge",3
"1295","Maidstone","Cologne",23
"1296","Maidstone","Dublin",3
"1297","Maidstone","Frankfurt",4
"1298","Maidstone","Goteborg",2
"1299","Maidstone","London",30
"1300","Maidstone","Maidstone",86
"1301","Maidstone","Mannheim",7
"1302","Maidstone","Nurnberg",2
"1303","Maidstone","Paris",1
"1304","Maidstone","Rotterdam",1
"1305","Malmo","Copenhague",1
"1306","Malmo","Dublin",1
"1307","Malmo","Malmo",8
"1308","Malmo","Paris",2
"1309","Malmo","Stockholm",10
"1310","Manchester","Bale",1
"1311","Manchester","Berlin",4
"1312","Manchester","Cologne",2
"1313","Manchester","Dusseldorf",2
"1314","Manchester","Frankfurt",2
"1315","Manchester","Grenoble",1
"1316","Manchester","London",7
"1317","Manchester","Lyon",2
"1318","Manchester","Mannheim",1
"1319","Manchester","Milano",1
"1320","Manchester","Paris",6
"1321","Manchester","Rotterdam",2
"1322","Mannheim","Aarhus",1
"1323","Mannheim","Agen",2
"1324","Mannheim","Amsterdam",5
"1325","Mannheim","Anvers",3
"1326","Mannheim","Augsburg",1
"1327","Mannheim","Bad Kreuznach",1
"1328","Mannheim","Bale",284
"1329","Mannheim","Barcelone",1
"1330","Mannheim","Berlin",14
"1331","Mannheim","Brighton",1
"1332","Mannheim","Bruxelles",9
"1333","Mannheim","Calais",1
"1334","Mannheim","Cambridge",15
"1335","Mannheim","Charleroi",3
"1336","Mannheim","Clermont-Ferrand",1
"1337","Mannheim","Cologne",289
"1338","Mannheim","Copenhague",2
"1339","Mannheim","Den Haag",44
"1340","Mannheim","Dortmund",3
"1341","Mannheim","Dresden",3
"1342","Mannheim","Dusseldorf",27
"1343","Mannheim","Eindhoven",1
"1344","Mannheim","Essen",3
"1345","Mannheim","Frankfurt",164
"1346","Mannheim","Gand",25
"1347","Mannheim","Geneve",8
"1348","Mannheim","Goteborg",10
"1349","Mannheim","Groningen",1
"1350","Mannheim","Hamburg",2
"1351","Mannheim","Hannover",11
"1352","Mannheim","Helsinki",2
"1353","Mannheim","Leeds",1
"1354","Mannheim","Linz",3
"1355","Mannheim","London",216
"1356","Mannheim","Lyon",7
"1357","Mannheim","Maastricht",26
"1358","Mannheim","Madrid",1
"1359","Mannheim","Maidstone",8
"1360","Mannheim","Manchester",1
"1361","Mannheim","Mannheim",1664
"1362","Mannheim","Memmingen",6
"1363","Mannheim","Milano",77
"1364","Mannheim","Montlucon",2
"1365","Mannheim","Munchen",18
"1366","Mannheim","Munster",45
"1367","Mannheim","Nice",2
"1368","Mannheim","Nurnberg",2
"1369","Mannheim","Palermo",15
"1370","Mannheim","Paris",113
"1371","Mannheim","Roma",3
"1372","Mannheim","Rotterdam",12
"1373","Mannheim","Sion",3
"1374","Mannheim","Southampton",1
"1375","Mannheim","Stavanger",1
"1376","Mannheim","Stockholm",2
"1377","Mannheim","Strasbourg",1
"1378","Mannheim","Stuttgart",3
"1379","Mannheim","Utrecht",7
"1380","Mannheim","Viborg",1
"1381","Mannheim","Vicenza",1
"1382","Mannheim","Wien",3
"1383","Mannheim","Zurich",12
"1384","Marseille","Anvers",1
"1385","Marseille","Budapest",1
"1386","Marseille","Frankfurt",1
"1387","Marseille","Geneve",1
"1388","Marseille","Marseille",1
"1389","Marseille","Milano",1
"1390","Marseille","Paris",3
"1391","Marseille","Stuttgart",1
"1392","Marseille","Torino",1
"1393","Memmingen","Amsterdam",2
"1394","Memmingen","Anvers",2
"1395","Memmingen","Bale",14
"1396","Memmingen","Barcelone",1
"1397","Memmingen","Berlin",2
"1398","Memmingen","Dresden",2
"1399","Memmingen","Frankfurt",16
"1400","Memmingen","Freiburg",3
"1401","Memmingen","Karlsruhe",1
"1402","Memmingen","Leicester-Nottingham",1
"1403","Memmingen","London",6
"1404","Memmingen","Lugano",1
"1405","Memmingen","Maidstone",1
"1406","Memmingen","Mannheim",6
"1407","Memmingen","Memmingen",92
"1408","Memmingen","Milano",4
"1409","Memmingen","Nurnberg",1
"1410","Memmingen","Paris",3
"1411","Memmingen","Stockholm",1
"1412","Memmingen","Stuttgart",1
"1413","Memmingen","Wien",2
"1414","Memmingen","Zurich",11
"1415","Metz-Nancy","Paris",3
"1416","Middlesbrough","Middlesbrough",1
"1417","Middlesbrough","Wien",2
"1418","Middlesbrough","Zurich",2
"1419","Milano","Amsterdam",7
"1420","Milano","Anvers",3
"1421","Milano","Bale",61
"1422","Milano","Barcelone",10
"1423","Milano","Berlin",26
"1424","Milano","Bologna",6
"1425","Milano","Brindisi",9
"1426","Milano","Bruxelles",4
"1427","Milano","Budapest",4
"1428","Milano","Cambridge",1
"1429","Milano","Charleroi",1
"1430","Milano","Clermont-Ferrand",1
"1431","Milano","Cologne",34
"1432","Milano","Copenhague",1
"1433","Milano","Den Haag",22
"1434","Milano","Dublin",1
"1435","Milano","Dusseldorf",9
"1436","Milano","Eindhoven",2
"1437","Milano","Esbjerg",1
"1438","Milano","Firenze",1
"1439","Milano","Frankfurt",47
"1440","Milano","Geneve",4
"1441","Milano","Genova",1
"1442","Milano","Goteborg",3
"1443","Milano","Graz",1
"1444","Milano","Hamburg",8
"1445","Milano","Innsbruck",2
"1446","Milano","Karlsruhe",2
"1447","Milano","Kassel",2
"1448","Milano","La Coruna",1
"1449","Milano","La Rochelle",2
"1450","Milano","Leeds",1
"1451","Milano","Liverpool",1
"1452","Milano","London",58
"1453","Milano","Lugano",2
"1454","Milano","Lyon",2
"1455","Milano","Maastricht",7
"1456","Milano","Madrid",3
"1457","Milano","Maidstone",18
"1458","Milano","Malmo",1
"1459","Milano","Mannheim",34
"1460","Milano","Marseille",1
"1461","Milano","Memmingen",5
"1462","Milano","Milano",551
"1463","Milano","Munchen",5
"1464","Milano","Munster",2
"1465","Milano","Newcastle",1
"1466","Milano","Nice",2
"1467","Milano","Oslo",6
"1468","Milano","Palermo",47
"1469","Milano","Paris",71
"1470","Milano","Pisa",1
"1471","Milano","Roma",12
"1472","Milano","Rotterdam",10
"1473","Milano","Siena",1
"1474","Milano","Stockholm",11
"1475","Milano","Strasbourg",3
"1476","Milano","Stuttgart",1
"1477","Milano","Udine",9
"1478","Milano","Utrecht",3
"1479","Milano","Valladolid",2
"1480","Milano","Venezia",2
"1481","Milano","Vicenza",3
"1482","Milano","Warszawa",1
"1483","Milano","Wien",5
"1484","Milano","Zurich",2
"1485","Montbeliard","Cologne",1
"1486","Montlucon","Bale",2
"1487","Montlucon","Clermont-Ferrand",2
"1488","Montlucon","Mannheim",1
"1489","Montlucon","Paris",5
"1490","Montpellier","Frankfurt",2
"1491","Montpellier","London",1
"1492","Montpellier","Maastricht",2
"1493","Montpellier","Mannheim",1
"1494","Montpellier","Nurnberg",2
"1495","Montpellier","Paris",2
"1496","Montpellier","Perpignan",1
"1497","Munchen","Amsterdam",1
"1498","Munchen","Bale",23
"1499","Munchen","Berlin",2
"1500","Munchen","Cambridge",1
"1501","Munchen","Cardiff",2
"1502","Munchen","Cologne",25
"1503","Munchen","Copenhague",5
"1504","Munchen","Cork",1
"1505","Munchen","Dortmund",3
"1506","Munchen","Dusseldorf",13
"1507","Munchen","Essen",1
"1508","Munchen","Frankfurt",38
"1509","Munchen","Gand",1
"1510","Munchen","Geneve",1
"1511","Munchen","Hamburg",2
"1512","Munchen","Hannover",3
"1513","Munchen","Ingolstadt",4
"1514","Munchen","Kassel",2
"1515","Munchen","Kiel",1
"1516","Munchen","Kristiansand",1
"1517","Munchen","Linz",3
"1518","Munchen","London",16
"1519","Munchen","Lubeck",1
"1520","Munchen","Maastricht",2
"1521","Munchen","Maidstone",1
"1522","Munchen","Mannheim",17
"1523","Munchen","Milano",5
"1524","Munchen","Munchen",132
"1525","Munchen","Munster",5
"1526","Munchen","Oslo",1
"1527","Munchen","Paris",18
"1528","Munchen","Stockholm",4
"1529","Munchen","Stuttgart",5
"1530","Munchen","Utrecht",1
"1531","Munchen","Wien",4
"1532","Munchen","Zurich",1
"1533","Munster","Anvers",1
"1534","Munster","Athens",1
"1535","Munster","Augsburg",2
"1536","Munster","Bale",16
"1537","Munster","Berlin",1
"1538","Munster","Bruxelles",1
"1539","Munster","Cologne",20
"1540","Munster","Den Haag",8
"1541","Munster","Dusseldorf",17
"1542","Munster","Essen",6
"1543","Munster","Frankfurt",22
"1544","Munster","Grenoble",1
"1545","Munster","Hamburg",7
"1546","Munster","Hannover",1
"1547","Munster","Hull",1
"1548","Munster","London",9
"1549","Munster","Maastricht",1
"1550","Munster","Mannheim",29
"1551","Munster","Milano",6
"1552","Munster","Munchen",3
"1553","Munster","Munster",97
"1554","Munster","Palermo",3
"1555","Munster","Paris",11
"1556","Munster","Rotterdam",3
"1557","Munster","Utrecht",1
"1558","Murcia","Brindisi",3
"1559","Murcia","Dusseldorf",3
"1560","Murcia","Madrid",2
"1561","Napoli","Cologne",1
"1562","Napoli","Napoli",3
"1563","Napoli","Zurich",1
"1564","Newcastle","Cologne",1
"1565","Newcastle","Mannheim",1
"1566","Nice","Anvers",2
"1567","Nice","Bale",4
"1568","Nice","Barcelone",1
"1569","Nice","Budapest",1
"1570","Nice","Cologne",1
"1571","Nice","Dusseldorf",2
"1572","Nice","Frankfurt",2
"1573","Nice","Geneve",5
"1574","Nice","Hamburg",2
"1575","Nice","London",6
"1576","Nice","Lyon",1
"1577","Nice","Mannheim",3
"1578","Nice","Milano",1
"1579","Nice","Nice",115
"1580","Nice","Paris",6
"1581","Nice","Rotterdam",2
"1582","Nice","Stockholm",5
"1583","Nice","Torino",1
"1584","Nice","Utrecht",1
"1585","Nice","Zurich",1
"1586","Nimes","Braunschweig",1
"1587","Nimes","Frankfurt",1
"1588","Norwich","Southampton",2
"1589","Nurnberg","Anvers",1
"1590","Nurnberg","Bale",2
"1591","Nurnberg","Berlin",2
"1592","Nurnberg","Cologne",1
"1593","Nurnberg","Essen",1
"1594","Nurnberg","Frankfurt",4
"1595","Nurnberg","Hamburg",1
"1596","Nurnberg","Leeds",2
"1597","Nurnberg","London",13
"1598","Nurnberg","Mannheim",1
"1599","Nurnberg","Memmingen",1
"1600","Nurnberg","Milano",1
"1601","Nurnberg","Munchen",1
"1602","Nurnberg","Nurnberg",24
"1603","Nurnberg","Paris",8
"1604","Nurnberg","Rotterdam",1
"1605","Odense","Den Haag",1
"1606","Orebro","Bale",1
"1607","Orleans","Bale",1
"1608","Orleans","Frankfurt",2
"1609","Orleans","Hamburg",1
"1610","Orleans","Nurnberg",1
"1611","Orleans","Paris",3
"1612","Oslo","Berlin",4
"1613","Oslo","Frankfurt",1
"1614","Oslo","Milano",2
"1615","Oslo","Oslo",17
"1616","Oviedo","Mannheim",1
"1617","Oviedo","Oviedo",1
"1618","Oxford","Bale",2
"1619","Oxford","Barcelone",4
"1620","Oxford","Bruxelles",1
"1621","Oxford","Frankfurt",1
"1622","Oxford","London",2
"1623","Oxford","Maidstone",1
"1624","Oxford","Mannheim",1
"1625","Oxford","Oxford",1
"1626","Oxford","Paris",3
"1627","Oxford","Southampton",1
"1628","Paderborn","Frankfurt",4
"1629","Paderborn","Paderborn",1
"1630","Paderborn","Paris",1
"1631","Palermo","Bale",2
"1632","Palermo","Bruxelles",1
"1633","Palermo","Cologne",7
"1634","Palermo","Den Haag",2
"1635","Palermo","Frankfurt",10
"1636","Palermo","Hamburg",1
"1637","Palermo","Liverpool",2
"1638","Palermo","London",7
"1639","Palermo","Lyon",3
"1640","Palermo","Mannheim",1
"1641","Palermo","Milano",15
"1642","Palermo","Palermo",24
"1643","Palermo","Paris",3
"1644","Paris","Agen",3
"1645","Paris","Amsterdam",22
"1646","Paris","Annecy",16
"1647","Paris","Anvers",17
"1648","Paris","Augsburg",2
"1649","Paris","Bale",434
"1650","Paris","Barcelone",10
"1651","Paris","Beauvais",3
"1652","Paris","Berlin",167
"1653","Paris","Birmingham",19
"1654","Paris","Bordeaux",4
"1655","Paris","Braunschweig",1
"1656","Paris","Brive-la-Gaillarde",1
"1657","Paris","Bruxelles",27
"1658","Paris","Budapest",5
"1659","Paris","Caen",3
"1660","Paris","Cambridge",5
"1661","Paris","Cardiff",34
"1662","Paris","Charleroi",21
"1663","Paris","Cologne",149
"1664","Paris","Copenhague",6
"1665","Paris","Cuxhaven",1
"1666","Paris","Den Haag",53
"1667","Paris","Dortmund",1
"1668","Paris","Dresden",1
"1669","Paris","Dublin",1
"1670","Paris","Dusseldorf",105
"1671","Paris","Eindhoven",4
"1672","Paris","Essen",34
"1673","Paris","Firenze",1
"1674","Paris","Frankfurt",342
"1675","Paris","Geneve",50
"1676","Paris","Genova",4
"1677","Paris","Glasgow",3
"1678","Paris","Goteborg",1
"1679","Paris","Grenoble",2
"1680","Paris","Hamburg",150
"1681","Paris","Hannover",59
"1682","Paris","Helsinki",8
"1683","Paris","Hull",1
"1684","Paris","Ingolstadt",2
"1685","Paris","Innsbruck",7
"1686","Paris","Kassel",1
"1687","Paris","Leeds",24
"1688","Paris","Leicester-Nottingham",1
"1689","Paris","Letterkenny",2
"1690","Paris","Liege",1
"1691","Paris","Lille",4
"1692","Paris","Liverpool",3
"1693","Paris","London",403
"1694","Paris","Lorient",3
"1695","Paris","Lubeck",9
"1696","Paris","Lugano",2
"1697","Paris","Luxembourg",1
"1698","Paris","Lyon",22
"1699","Paris","Maastricht",9
"1700","Paris","Madrid",4
"1701","Paris","Maidstone",4
"1702","Paris","Malmo",3
"1703","Paris","Manchester",2
"1704","Paris","Mannheim",282
"1705","Paris","Marseille",2
"1706","Paris","Memmingen",11
"1707","Paris","Metz-Nancy",1
"1708","Paris","Milano",231
"1709","Paris","Montlucon",1
"1710","Paris","Montpellier",7
"1711","Paris","Munchen",41
"1712","Paris","Munster",13
"1713","Paris","Napoli",2
"1714","Paris","Newcastle",4
"1715","Paris","Nice",54
"1716","Paris","Nurnberg",12
"1717","Paris","Orleans",3
"1718","Paris","Oslo",1
"1719","Paris","Paderborn",1
"1720","Paris","Palermo",13
"1721","Paris","Paris",4835
"1722","Paris","Pescara",4
"1723","Paris","Poitiers",1
"1724","Paris","Roma",8
"1725","Paris","Rostock",1
"1726","Paris","Rotterdam",174
"1727","Paris","Rouen",7
"1728","Paris","Rovaniemi",2
"1729","Paris","Saint-Brieuc",1
"1730","Paris","Siena",1
"1731","Paris","Sion",3
"1732","Paris","Southampton",3
"1733","Paris","Stockholm",38
"1734","Paris","Strasbourg",8
"1735","Paris","Stuttgart",12
"1736","Paris","Swindon",1
"1737","Paris","Torino",4
"1738","Paris","Toulouse",1
"1739","Paris","Turku",1
"1740","Paris","Udine",1
"1741","Paris","Utrecht",38
"1742","Paris","Valence",5
"1743","Paris","Valencia",1
"1744","Paris","Venezia",2
"1745","Paris","Vitoria-Gasteiz",1
"1746","Paris","Wien",4
"1747","Paris","Zagreb",1
"1748","Paris","Zaragoza",2
"1749","Paris","Zurich",21
"1750","Parma","Cologne",1
"1751","Parma","Frankfurt",3
"1752","Parma","Linz",1
"1753","Parma","Maidstone",1
"1754","Parma","Milano",1
"1755","Parma","Munchen",1
"1756","Parma","Parma",3
"1757","Pau","Paris",1
"1758","Pau","Pau",1
"1759","Pau","Salzburg",1
"1760","Perpignan","Paris",1
"1761","Perpignan","Perpignan",1
"1762","Perugia","Beauvais",2
"1763","Perugia","Paris",3
"1764","Pescara","London",3
"1765","Pescara","Mannheim",1
"1766","Pescara","Milano",2
"1767","Pisa","Dusseldorf",1
"1768","Pisa","Milano",2
"1769","Pisa","Pisa",2
"1770","Poitiers","Amsterdam",1
"1771","Poitiers","Berlin",1
"1772","Poitiers","London",1
"1773","Poitiers","Paris",2
"1774","Poitiers","Rotterdam",1
"1775","Porto","Bale",3
"1776","Porto","Lisboa",3
"1777","Porto","Porto",2
"1778","Portoroz","Anvers",2
"1779","Portoroz","Bale",21
"1780","Portoroz","Cologne",3
"1781","Portoroz","Frankfurt",1
"1782","Portoroz","Maastricht",1
"1783","Portoroz","Milano",1
"1784","Portoroz","Munchen",1
"1785","Portoroz","Paris",12
"1786","Portoroz","Rotterdam",1
"1787","Portoroz","Udine",1
"1788","Portoroz","Wien",11
"1789","Poznan","Cologne",2
"1790","Poznan","Paris",1
"1791","Praha","Bale",1
"1792","Praha","Berlin",2
"1793","Praha","Bruxelles",2
"1794","Praha","Stuttgart",1
"1795","Reims","Bruxelles",1
"1796","Reims","Frankfurt",1
"1797","Reims","Freiburg",1
"1798","Reims","London",1
"1799","Reims","Mannheim",1
"1800","Reims","Munster",1
"1801","Reims","Paris",3
"1802","Reims","Reims",4
"1803","Reims","Salzburg",1
"1804","Rennes","Bale",1
"1805","Rennes","Calais",1
"1806","Rennes","Zaragoza",1
"1807","Roma","Bale",14
"1808","Roma","Barcelone",2
"1809","Roma","Berne",2
"1810","Roma","Brindisi",8
"1811","Roma","Bruxelles",2
"1812","Roma","Cologne",9
"1813","Roma","Den Haag",4
"1814","Roma","Frankfurt",7
"1815","Roma","Genova",1
"1816","Roma","London",7
"1817","Roma","Maidstone",1
"1818","Roma","Mannheim",4
"1819","Roma","Memmingen",1
"1820","Roma","Milano",25
"1821","Roma","Palermo",4
"1822","Roma","Paris",14
"1823","Roma","Parma",1
"1824","Roma","Roma",48
"1825","Roma","Stockholm",1
"1826","Roma","Torino",2
"1827","Roma","Udine",1
"1828","Roma","Utrecht",1
"1829","Roma","Viborg",1
"1830","Roma","Wien",1
"1831","Rotterdam","Amsterdam",9
"1832","Rotterdam","Anvers",2
"1833","Rotterdam","Bale",12
"1834","Rotterdam","Beauvais",1
"1835","Rotterdam","Berlin",11
"1836","Rotterdam","Bremen",4
"1837","Rotterdam","Bruxelles",1
"1838","Rotterdam","Camborne-Redruth",1
"1839","Rotterdam","Cologne",9
"1840","Rotterdam","Den Haag",1
"1841","Rotterdam","Dusseldorf",17
"1842","Rotterdam","Eindhoven",1
"1843","Rotterdam","Essen",1
"1844","Rotterdam","Frankfurt",15
"1845","Rotterdam","Geneve",2
"1846","Rotterdam","Genova",1
"1847","Rotterdam","Hamburg",10
"1848","Rotterdam","Hannover",1
"1849","Rotterdam","Kassel",1
"1850","Rotterdam","Leeds",1
"1851","Rotterdam","Leicester-Nottingham",2
"1852","Rotterdam","London",303
"1853","Rotterdam","Lyon",4
"1854","Rotterdam","Malmo",5
"1855","Rotterdam","Mannheim",7
"1856","Rotterdam","Metz-Nancy",2
"1857","Rotterdam","Milano",16
"1858","Rotterdam","Munchen",1
"1859","Rotterdam","Munster",2
"1860","Rotterdam","Newcastle",2
"1861","Rotterdam","Nice",4
"1862","Rotterdam","Paris",62
"1863","Rotterdam","Roma",1
"1864","Rotterdam","Rotterdam",306
"1865","Rotterdam","Sofia",1
"1866","Rotterdam","Stuttgart",5
"1867","Rotterdam","Swindon",1
"1868","Rotterdam","Utrecht",3
"1869","Rotterdam","Venezia",1
"1870","Rotterdam","Wien",1
"1871","Rotterdam","Zurich",5
"1872","Rouen","Bale",1
"1873","Rouen","Barcelone",2
"1874","Rouen","Paris",1
"1875","Rouen","Rouen",1
"1876","Saarbrucken","Geneve",1
"1877","Saarbrucken","London",2
"1878","Saarbrucken","Mannheim",1
"1879","Saarbrucken","Rotterdam",1
"1880","Saarbrucken","Saarbrucken",3
"1881","Saint-Etienne","Leeds",1
"1882","Saint-Gall","Augsburg",1
"1883","Saint-Gall","Bale",2
"1884","Saint-Gall","Cologne",1
"1885","Saint-Gall","Frankfurt",1
"1886","Saint-Gall","Saint-Gall",1
"1887","Saint-Gall","Wien",2
"1888","Saint-Moritz","Cologne",1
"1889","Saint-Moritz","Copenhague",1
"1890","Saint-Moritz","Frankfurt",1
"1891","Saint-Moritz","Mannheim",1
"1892","Saint-Moritz","Paris",2
"1893","Saint-Moritz","Saint-Moritz",5
"1894","Salzburg","Augsburg",1
"1895","Salzburg","Bale",2
"1896","Salzburg","London",3
"1897","San Sebastian","Paris",2
"1898","San Sebastian","Stockholm",1
"1899","Savona","Paris",1
"1900","Siegen","Mannheim",5
"1901","Siegen","Munchen",2
"1902","Siegen","Paris",1
"1903","Siena","Bale",1
"1904","Siena","Cologne",1
"1905","Siena","Milano",3
"1906","Siena","Paris",3
"1907","Siena","Siena",1
"1908","Sion","Agen",2
"1909","Sion","Bale",21
"1910","Sion","Berlin",3
"1911","Sion","Bruxelles",1
"1912","Sion","Budapest",4
"1913","Sion","Cambridge",1
"1914","Sion","Cologne",11
"1915","Sion","Den Haag",5
"1916","Sion","Frankfurt",11
"1917","Sion","London",17
"1918","Sion","Mannheim",4
"1919","Sion","Memmingen",3
"1920","Sion","Milano",5
"1921","Sion","Munchen",2
"1922","Sion","Munster",3
"1923","Sion","Paris",10
"1924","Sion","Roma",2
"1925","Sion","Sion",55
"1926","Sion","Utrecht",1
"1927","Southampton","Amsterdam",3
"1928","Southampton","Bale",2
"1929","Southampton","Bruxelles",1
"1930","Southampton","Cologne",1
"1931","Southampton","Den Haag",27
"1932","Southampton","Frankfurt",1
"1933","Southampton","London",9
"1934","Southampton","Lugano",2
"1935","Southampton","Milano",4
"1936","Southampton","Paris",4
"1937","Southampton","Southampton",6
"1938","Southampton","Vicenza",1
"1939","Stockholm","Anvers",1
"1940","Stockholm","Bale",13
"1941","Stockholm","Berlin",2
"1942","Stockholm","Bruxelles",1
"1943","Stockholm","Budapest",1
"1944","Stockholm","Cambridge",1
"1945","Stockholm","Cologne",2
"1946","Stockholm","Frankfurt",5
"1947","Stockholm","Goteborg",2
"1948","Stockholm","Hamburg",2
"1949","Stockholm","London",38
"1950","Stockholm","Maidstone",4
"1951","Stockholm","Malmo",1
"1952","Stockholm","Manchester",1
"1953","Stockholm","Mannheim",1
"1954","Stockholm","Memmingen",1
"1955","Stockholm","Milano",2
"1956","Stockholm","Oxford",1
"1957","Stockholm","Paris",14
"1958","Stockholm","Rotterdam",2
"1959","Stockholm","Stockholm",18
"1960","Stockholm","Stuttgart",2
"1961","Strasbourg","Dusseldorf",1
"1962","Strasbourg","Frankfurt",1
"1963","Strasbourg","Hamburg",1
"1964","Strasbourg","London",1
"1965","Strasbourg","Paris",6
"1966","Strasbourg","Stockholm",1
"1967","Strasbourg","Strasbourg",8
"1968","Strasbourg","Udine",1
"1969","Stuttgart","Bale",1
"1970","Stuttgart","Barcelone",1
"1971","Stuttgart","Bruxelles",3
"1972","Stuttgart","Cologne",1
"1973","Stuttgart","Dusseldorf",3
"1974","Stuttgart","London",4
"1975","Stuttgart","Lubeck",1
"1976","Stuttgart","Milano",1
"1977","Stuttgart","Paris",6
"1978","Stuttgart","Rotterdam",4
"1979","Stuttgart","Stuttgart",3
"1980","Swansea","Paris",1
"1981","Swindon","London",1
"1982","Swindon","Rotterdam",1
"1983","Torino","Bale",1
"1984","Torino","Berlin",1
"1985","Torino","Dusseldorf",1
"1986","Torino","Hamburg",1
"1987","Torino","London",1
"1988","Torino","Paris",1
"1989","Torino","Turku",1
"1990","Toulon","Frankfurt",1
"1991","Toulon","London",1
"1992","Toulon","Paris",1
"1993","Toulon","Rotterdam",1
"1994","Toulon","Venezia",1
"1995","Toulouse","Bale",1
"1996","Toulouse","Barcelone",2
"1997","Toulouse","Frankfurt",1
"1998","Toulouse","Hamburg",4
"1999","Toulouse","London",1
"2000","Toulouse","Lugano",1
"2001","Toulouse","Milano",2
"2002","Toulouse","Munchen",1
"2003","Toulouse","Paderborn",1
"2004","Toulouse","Paris",8
"2005","Toulouse","Rotterdam",1
"2006","Toulouse","Toulouse",1
"2007","Trieste","Paris",1
"2008","Tromso","Frankfurt",1
"2009","Turku","Cologne",1
"2010","Turku","Madrid",4
"2011","Turku","Turku",26
"2012","Udine","Cologne",2
"2013","Udine","Frankfurt",1
"2014","Udine","Mannheim",1
"2015","Udine","Memmingen",1
"2016","Udine","Paris",3
"2017","Udine","Roma",2
"2018","Udine","Udine",2
"2019","Udine","Vicenza",1
"2020","Utrecht","Amsterdam",2
"2021","Utrecht","Anvers",1
"2022","Utrecht","Bale",5
"2023","Utrecht","Barcelone",1
"2024","Utrecht","Berlin",8
"2025","Utrecht","Bruxelles",3
"2026","Utrecht","Cologne",7
"2027","Utrecht","Copenhague",2
"2028","Utrecht","Dortmund",2
"2029","Utrecht","Dusseldorf",5
"2030","Utrecht","Frankfurt",6
"2031","Utrecht","Goteborg",1
"2032","Utrecht","Grenoble",1
"2033","Utrecht","Hamburg",2
"2034","Utrecht","London",10
"2035","Utrecht","Mannheim",12
"2036","Utrecht","Memmingen",1
"2037","Utrecht","Milano",1
"2038","Utrecht","Munchen",2
"2039","Utrecht","Munster",5
"2040","Utrecht","Paris",36
"2041","Utrecht","Rotterdam",7
"2042","Utrecht","Rzeszow",1
"2043","Utrecht","Utrecht",49
"2044","Utrecht","Zwolle",1
"2045","Valence","Paris",2
"2046","Valence","Valence",1
"2047","Valencia","Madrid",1
"2048","Valencia","Milano",4
"2049","Valencia","Palermo",1
"2050","Valencia","Valencia",1
"2051","Valladolid","Berlin",4
"2052","Valladolid","Dusseldorf",1
"2053","Valladolid","London",8
"2054","Valladolid","Maidstone",2
"2055","Valladolid","Memmingen",1
"2056","Valladolid","Milano",4
"2057","Varna","Bale",1
"2058","Varna","Sion",1
"2059","Vasteras","Bale",1
"2060","Venezia","Anvers",1
"2061","Venezia","Bale",5
"2062","Venezia","Frankfurt",1
"2063","Venezia","Hamburg",4
"2064","Venezia","London",2
"2065","Venezia","Milano",6
"2066","Venezia","Munchen",1
"2067","Venezia","Paris",2
"2068","Venezia","Rotterdam",2
"2069","Venezia","Stockholm",1
"2070","Venezia","Torino",1
"2071","Venezia","Utrecht",1
"2072","Venezia","Venezia",10
"2073","Venezia","Wien",2
"2074","Verona","Cologne",1
"2075","Verona","Paris",4
"2076","Verona","Venezia",1
"2077","Verona","Verona",12
"2078","Veszprem","Leeds",1
"2079","Veszprem","Paris",1
"2080","Viborg","Budapest",2
"2081","Viborg","Mannheim",1
"2082","Viborg","Paris",1
"2083","Vicenza","Bale",15
"2084","Vicenza","Barcelone",2
"2085","Vicenza","Berlin",1
"2086","Vicenza","Cologne",6
"2087","Vicenza","Dortmund",1
"2088","Vicenza","Frankfurt",5
"2089","Vicenza","Helsinki",8
"2090","Vicenza","London",2
"2091","Vicenza","Milano",20
"2092","Vicenza","Orebro",1
"2093","Vicenza","Paris",7
"2094","Vicenza","Vicenza",42
"2095","Vicenza","Wien",6
"2096","Warszawa","Bale",2
"2097","Warszawa","Budapest",1
"2098","Warszawa","Cologne",21
"2099","Warszawa","Dusseldorf",5
"2100","Warszawa","Frankfurt",1
"2101","Warszawa","Karlsruhe",4
"2102","Warszawa","London",1
"2103","Warszawa","Paris",2
"2104","Warszawa","Southampton",4
"2105","Warszawa","Warszawa",4
"2106","Waterford","Genova",1
"2107","Waterford","Swansea",1
"2108","Wien","Anvers",1
"2109","Wien","Bale",52
"2110","Wien","Budapest",1
"2111","Wien","Cambridge",3
"2112","Wien","Cologne",16
"2113","Wien","Debrecen",1
"2114","Wien","Den Haag",1
"2115","Wien","Dusseldorf",1
"2116","Wien","Frankfurt",14
"2117","Wien","Goteborg",1
"2118","Wien","Helsinki",14
"2119","Wien","London",19
"2120","Wien","Maidstone",4
"2121","Wien","Mannheim",8
"2122","Wien","Memmingen",2
"2123","Wien","Milano",1
"2124","Wien","Munchen",1
"2125","Wien","Paderborn",1
"2126","Wien","Paris",9
"2127","Wien","Roma",1
"2128","Wien","Venezia",1
"2129","Wien","Wien",26
"2130","Zagreb","Bale",1
"2131","Zagreb","Cologne",2
"2132","Zagreb","Helsinki",2
"2133","Zagreb","Milano",1
"2134","Zagreb","Zagreb",6
"2135","Zaragoza","Stockholm",1
"2136","Zurich","Anvers",4
"2137","Zurich","Bale",26
"2138","Zurich","Barcelone",2
"2139","Zurich","Berlin",1
"2140","Zurich","Bremen",1
"2141","Zurich","Cambridge",1
"2142","Zurich","Cologne",9
"2143","Zurich","Den Haag",3
"2144","Zurich","Dusseldorf",2
"2145","Zurich","Eindhoven",2
"2146","Zurich","Frankfurt",13
"2147","Zurich","Glasgow",2
"2148","Zurich","Goteborg",6
"2149","Zurich","Innsbruck",1
"2150","Zurich","London",9
"2151","Zurich","Lyon",1
"2152","Zurich","Maastricht",1
"2153","Zurich","Mannheim",6
"2154","Zurich","Memmingen",1
"2155","Zurich","Milano",7
"2156","Zurich","Munster",2
"2157","Zurich","Paris",3
"2158","Zurich","Rotterdam",2
"2159","Zurich","Saint-Moritz",1
"2160","Zurich","Strasbourg",1
"2161","Zurich","Stuttgart",1
"2162","Zurich","Utrecht",1
"2163","Zurich","Venezia",1
"2164","Zurich","Wien",3
"2165","Zurich","Zurich",73
"2166","Zwolle","Cologne",1
"2167","Zwolle","Geneve",1
"2168","Zwolle","Hamburg",1
"2169","Zwolle","London",1
"2170","Zwolle","Maastricht",3
"2171","Zwolle","Manchester",1
"2172","Zwolle","Munster",1
"2173","Zwolle","Rotterdam",1
"2174","Zwolle","Zwolle",2
